1	3,94,79,78,34,31,12,21,93,32
2	39,43,89,77,24,15,96,35,40,83
3	42,1,92,36,18,14,99,73,75,45
4	61,46,9,90,14,94,83,84,35,40
5	16,36,24,1,92,64,27,29,94,83
6	79,95,42,24,15,3,31,56,18,14
7	20,31,80,87,8,73,74,91,89,79
8	7,31,93,32,79,24,25,73,59,21
9	54,98,79,86,58,30,4,68,15,10
10	90,94,91,85,27,10,77,83,71,25
11	89,38,31,68,63,48,45,47,28,80
12	99,78,55,72,27,32,24,1,31,18
13	71,36,68,35,93,75,65,40,28,79
14	65,3,76,31,34,37,4,59,25,18
15	87,76,91,34,95,24,16,65,32,92
16	36,5,24,15,79,26,28,72,50,99
17	96,39,22,27,61,50,10,85,45,43
18	96,94,50,3,41,77,15,93,82,80
19	39,89,23,36,30,12,20,96,93,90
20	7,99,87,60,46,82,71,37,23,26
21	72,22,49,90,1,27,94,10,70,46
22	21,26,17,49,79,83,56,39,27,93
23	61,87,24,19,20,90,79,22,1,70
24	23,15,16,62,99,89,68,5,76,12
25	79,84,46,34,10,59,58,36,37,8
26	22,31,16,20,18,21,88,79,71,36
27	12,50,17,94,10,60,33,22,15,21
28	32,16,49,13,11,71,21,36,37,3
29	95,50,43,82,5,58,97,54,78,1
30	36,82,9,34,42,96,64,19,78,77
31	75,7,90,87,57,38,41,89,42,26
32	49,12,68,36,28,15,80,75,54,1
33	59,44,36,67,78,35,31,100,69,4
34	83,53,95,15,72,76,59,62,61,54
35	65,43,13,70,71,72,46,52,33,3
36	96,30,13,36,69,16,62,85,3,60
37	61,71,72,34,14,20,98,96,43,25
38	66,31,11,44,97,70,18,12,90,72
39	17,71,19,91,90,42,22,57,65,61
40	69,23,85,46,42,66,91,90,59,50
41	31,94,54,18,100,50,84,60,53,42
42	3,89,79,40,68,45,31,75,34,39
43	81,2,63,98,46,78,77,37,38,68
44	36,33,61,93,46,90,37,68,27,1
45	50,42,93,3,31,11,98,96,83,68
46	74,99,40,4,20,66,76,60,25,3
47	98,11,95,42,80,87,68,70,55,44
48	51,11,85,40,24,74,16,98,93,76
49	32,21,56,22,28,82,85,62,49,15
50	88,18,45,27,58,41,40,17,16,71
51	87,48,15,51,13,65,93,88,79,86
52	79,35,22,31,18,16,13,80,65,60
53	53,34,56,55,41,1,93,79,59,45
54	9,54,34,41,22,64,36,32,83,81
55	12,100,87,67,53,34,15,81,61,47
56	58,49,53,87,68,22,70,93,46,85
57	31,77,54,36,39,40,62,27,13,85
58	56,77,9,50,79,46,25,18,16,49
59	89,33,34,40,12,66,50,25,14,90
60	32,36,20,46,27,41,40,63,52,54
61	23,61,34,80,4,19,95,44,88,79
62	36,34,24,49,11,57,45,9,85,68
63	76,11,96,80,43,15,97,59,60,21
64	75,54,68,50,30,5,15,11,39,41
65	35,94,15,13,88,70,71,61,39,18
66	40,46,86,59,77,85,22,30,61,98
67	79,55,33,92,30,4,100,94,86,15
68	13,89,85,42,32,56,24,11,68,64
69	40,36,68,11,20,61,24,93,55,63
70	87,83,35,86,84,85,74,65,38,6
71	13,75,85,39,37,94,20,10,50,35
72	21,12,34,37,16,96,61,35,77,59
73	85,90,3,43,7,71,9,61,10,77
74	46,76,27,31,70,34,7,79,48,24
75	71,31,64,42,3,13,22,90,79,77
76	15,76,74,80,34,14,63,49,46,24
77	58,57,18,10,79,66,72,75,12,91
78	12,1,31,46,33,43,81,3,30,45
79	93,82,67,42,9,16,22,25,1,6
80	76,17,7,61,96,32,63,18,15,11
81	43,90,81,54,36,96,59,55,27,31
82	30,79,20,97,87,42,18,29,61,53
83	34,95,70,98,39,22,76,45,10,54
84	25,70,79,41,4,9,87,85,24,58
85	40,91,68,36,10,73,37,70,61,49
86	9,70,46,34,65,96,67,71,72,60
87	15,89,70,31,20,7,90,56,12,55
88	50,36,31,65,15,51,26,27,18,13
89	87,59,90,42,68,24,31,91,19,2
90	10,89,31,25,21,71,73,64,39,40
91	15,85,96,10,89,39,40,90,42,7
92	3,15,22,5,94,67,70,58,36,17
93	79,45,1,8,13,12,56,44,36,22
94	96,18,65,10,1,71,31,98,95,83
95	34,15,36,61,6,94,79,47,40,27
96	36,94,17,80,91,34,31,72,63,45
97	31,90,82,20,79,71,63,43,17,16
98	9,83,47,94,45,37,43,66,12,99
99	12,20,24,100,3,53,80,31,16,61
100	99,55,41,42,31,20,33,34,40,22
101	
102	
103	
104	
105	
106	
107	
108	
109	
110	
111	
112	
113	
114	
115	
116	
117	
118	
119	
120	
121	
122	
123	
124	
125	
126	
127	
128	
129	
130	
131	
132	
133	
134	
135	
136	
137	
138	
139	
140	
141	
142	
143	
144	
145	
146	
147	
148	
149	
150	
151	
152	
153	
154	
155	
156	
157	
158	
159	
160	
161	
162	
163	
164	
165	
166	
167	
168	
169	
170	
171	
172	
173	
174	
175	
176	
177	
178	
179	
180	
181	
182	
183	
184	
185	
186	
187	
188	
189	
190	
191	
192	
193	
194	
195	
196	
197	
198	
199	
200	
201	
202	
203	
204	
205	
206	
207	
208	
209	
210	
211	
212	
213	
214	
215	
216	
217	
218	
219	
220	
221	
222	
223	
224	
225	
226	
227	
228	
229	
230	
231	
232	
233	
234	
235	
236	
237	
238	
239	
240	
241	
242	
243	
244	
245	
246	
247	
248	
249	
250	
251	
252	
253	
254	
255	
256	
257	
258	
259	
260	
261	
262	
263	
264	
265	
266	
267	
268	
269	
270	
271	
272	
273	
274	
275	
276	
277	
278	
279	
280	
281	
282	
283	
284	
285	
286	
287	
288	
289	
290	
291	
292	
293	
294	
295	
296	
297	
298	
299	
300	
301	
302	
303	
304	
305	
306	
307	
308	
309	
310	
311	
312	
313	
314	
315	
316	
317	
318	
319	
320	
321	
322	
323	
324	
325	
326	
327	
328	
329	
330	
331	
332	
333	
334	
335	
336	
337	
338	
339	
340	
341	
342	
343	
344	
345	
346	
347	
348	
349	
350	
351	
352	
353	
354	
355	
356	
357	
358	
359	
360	
361	
362	
363	
364	
365	
366	
367	
368	
369	
370	
371	
372	
373	
374	
375	
376	
377	
378	
379	
380	
381	
382	
383	
384	
385	
386	
387	
388	
389	
390	
391	
392	
393	
394	
395	
396	
397	
398	
399	
400	
401	
402	
403	
404	
405	
406	
407	
408	
409	
410	
411	
412	
413	
414	
415	
416	
417	
418	
419	
420	
421	
422	
423	
424	
425	
426	
427	
428	
429	
430	
431	
432	
433	
434	
435	
436	
437	
438	
439	
440	
441	
442	
443	
444	
445	
446	
447	
448	
449	
450	
451	
452	
453	
454	
455	
456	
457	
458	
459	
460	
461	
462	
463	
464	
465	
466	
467	
468	
469	
470	
471	
472	
473	
474	
475	
476	
477	
478	
479	
480	
481	
482	
483	
484	
485	
486	
487	
488	
489	
490	
491	
492	
493	
494	
495	
496	
497	
498	
499	
500	
501	
502	
503	
504	
505	
506	
507	
508	
509	
510	
511	
512	
513	
514	
515	
516	
517	
518	
519	
520	
521	
522	
523	
524	
525	
526	
527	
528	
529	
530	
531	
532	
533	
534	
535	
536	
537	
538	
539	
540	
541	
542	
543	
544	
545	
546	
547	
548	
549	
550	
551	
552	
553	
554	
555	
556	
557	
558	
559	
560	
561	
562	
563	
564	
565	
566	
567	
568	
569	
570	
571	
572	
573	
574	
575	
576	
577	
578	
579	
580	
581	
582	
583	
584	
585	
586	
587	
588	
589	
590	
591	
592	
593	
594	
595	
596	
597	
598	
599	
600	
601	
602	
603	
604	
605	
606	
607	
608	
609	
610	
611	
612	
613	
614	
615	
616	
617	
618	
619	
620	
621	
622	
623	
624	
625	
626	
627	
628	
629	
630	
631	
632	
633	
634	
635	
636	
637	
638	
639	
640	
641	
642	
643	
644	
645	
646	
647	
648	
649	
650	
651	
652	
653	
654	
655	
656	
657	
658	
659	
660	
661	
662	
663	
664	
665	
666	
667	
668	
669	
670	
671	
672	
673	
674	
675	
676	
677	
678	
679	
680	
681	
682	
683	
684	
685	
686	
687	
688	
689	
690	
691	
692	
693	
694	
695	
696	
697	
698	
699	
700	
701	
702	
703	
704	
705	
706	
707	
708	
709	
710	
711	
712	
713	
714	
715	
716	
717	
718	
719	
720	
721	
722	
723	
724	
725	
726	
727	
728	
729	
730	
731	
732	
733	
734	
735	
736	
737	
738	
739	
740	
741	
742	
743	
744	
745	
746	
747	
748	
749	
750	
751	
752	
753	
754	
755	
756	
757	
758	
759	
760	
761	
762	
763	
764	
765	
766	
767	
768	
769	
770	
771	
772	
773	
774	
775	
776	
777	
778	
779	
780	
781	
782	
783	
784	
785	
786	
787	
788	
789	
790	
791	
792	
793	
794	
795	
796	
797	
798	
799	
800	
801	
802	
803	
804	
805	
806	
807	
808	
809	
810	
811	
812	
813	
814	
815	
816	
817	
818	
819	
820	
821	
822	
823	
824	
825	
826	
827	
828	
829	
830	
831	
832	
833	
834	
835	
836	
837	
838	
839	
840	
841	
842	
843	
844	
845	
846	
847	
848	
849	
850	
851	
852	
853	
854	
855	
856	
857	
858	
859	
860	
861	
862	
863	
864	
865	
866	
867	
868	
869	
870	
871	
872	
873	
874	
875	
876	
877	
878	
879	
880	
881	
882	
883	
884	
885	
886	
887	
888	
889	
890	
891	
892	
893	
894	
895	
896	
897	
898	
899	
900	
901	
902	
903	
904	
905	
906	
907	
908	
909	
910	
911	
912	
913	
914	
915	
916	
917	
918	
919	
920	
921	
922	
923	
924	
925	
926	
927	
928	
929	
930	
931	
932	
933	
934	
935	
936	
937	
938	
939	
940	
941	
942	
943	
944	
945	
946	
947	
948	
949	
950	
951	
952	
953	
954	
955	
956	
957	
958	
959	
960	
961	
962	
963	
964	
965	
966	
967	
968	
969	
970	
971	
972	
973	
974	
975	
976	
977	
978	
979	
980	
981	
982	
983	
984	
985	
986	
987	
988	
989	
990	
991	
992	
993	
994	
995	
996	
997	
998	
999	
1000	
