1	92,36,1,62,80,56,49,5
2	54,38,3,87,56,88,16,31
3	54,34,41,61,62,97,32,82
4	91,89,7,18,8,87,82,5
5	65,87,35,22,50,23,62,5
6	84,60,50,84,41,70,88,43
7	72,29,21,70,86,81,28,90
8	69,61,92,17,57,22,50,3
9	97,95,71,28,80,12,57,53
10	50,60,53,69,52,4,60,87
11	82,74,39,87,10,22,26,24
12	40,14,25,25,65,57,71,44
13	83,39,83,60,72,95,30,64
14	1,33,60,16,20,45,91,27
15	28,33,53,31,72,45,14,85
16	77,55,37,25,80,27,17,71
17	97,30,15,65,80,52,3,66
18	81,70,35,53,12,25,59,51
19	82,76,22,26,52,61,94,31
20	9,68,45,51,97,86,20,49
21	98,93,51,48,9,60,43,45
22	7,54,37,65,84,11,4,98
23	39,42,91,28,57,40,46,21
24	24,48,2,26,85,79,33,14
25	86,65,40,91,71,90,13,92
26	7,35,54,41,65,96,8,86
27	46,45,25,84,7,98,74,73
28	81,31,90,69,19,61,100,41
29	44,70,89,19,90,33,80,41
30	66,90,6,28,16,79,97,24
31	100,21,43,31,46,40,1,56
32	9,24,26,27,60,55,63,19
33	14,80,91,27,57,55,39,96
34	12,16,99,40,100,87,42,33
35	38,40,25,53,36,69,48,59
36	75,94,75,11,92,49,80,37
37	24,23,51,64,48,5,44,85
38	71,84,37,49,58,43,58,46
39	3,43,67,87,83,35,95,2
40	94,87,96,18,25,53,1,86
41	73,79,66,67,57,69,14,8
42	4,10,52,60,24,67,16,66
43	41,35,73,58,10,82,79,52
44	95,69,7,64,38,21,69,18
45	86,26,48,51,26,84,12,74
46	41,36,11,7,91,28,37,89
47	88,61,36,53,73,82,64,30
48	29,31,45,9,78,54,13,64
49	11,30,48,41,34,38,76,89
50	43,89,3,66,84,23,92,61
51	96,94,45,99,61,98,23,18
52	15,76,77,41,91,51,87,45
53	78,81,3,12,61,46,99,80
54	92,14,65,60,15,92,87,61
55	90,90,4,10,71,11,64,71
56	21,25,78,79,26,33,10,35
57	80,88,87,7,43,63,20,7
58	59,45,55,33,96,74,4,91
59	92,6,92,54,2,64,16,15
60	13,26,57,71,60,8,42,73
61	1,75,74,37,71,26,65,46
62	38,7,31,37,27,98,21,8
63	7,53,42,57,73,8,31,24
64	90,43,87,61,26,70,21,74
65	1,58,78,46,14,62,1,97
66	41,53,57,41,65,80,13,38
67	7,39,24,20,19,84,13,89
68	33,31,52,9,65,69,76,46
69	42,87,60,65,6,5,31,64
70	56,9,68,56,45,93,75,69
71	24,90,61,23,65,30,19,80
72	52,70,55,87,26,47,92,58
73	100,26,4,94,65,97,73,20
74	85,84,51,35,85,73,71,13
75	15,43,32,38,46,5,81,16
76	55,73,71,61,35,47,52,48
77	59,89,78,87,11,98,89,82
78	78,68,51,23,4,62,57,47
79	64,13,40,69,40,54,26,70
80	97,65,14,38,71,54,39,95
81	3,12,46,78,30,85,35,32
82	76,58,78,46,62,91,49,85
83	51,83,59,18,46,15,14,3
84	2,22,67,1,51,17,96,39
85	42,100,71,47,67,85,55,39
86	81,36,54,59,95,2,57,66
87	61,1,82,29,51,23,95,13
88	61,19,95,35,2,24,6,57
89	15,41,16,11,89,13,60,9
90	63,87,65,23,52,13,24,35
91	2,30,60,24,26,21,36,2
92	31,50,88,64,41,6,78,14
93	65,64,32,2,89,74,3,93
94	49,12,87,56,27,41,7,93
95	44,4,29,89,83,68,39,21
96	73,25,61,84,44,18,3,75
97	38,66,1,3,29,98,100,30
98	35,17,51,91,15,62,15,65
99	37,85,45,45,95,46,78,99
100	72,53,23,2,29,14,38,66
101	47,89,68,75,70,76,87,87
102	53,18,90,88,96,36,64,47
103	93,40,65,56,91,49,15,15
104	92,43,70,81,44,3,2,45
105	70,6,32,74,3,53,24,75
106	74,25,90,25,6,63,67,100
107	39,28,21,86,70,19,85,71
108	67,94,18,99,74,46,66,74
109	75,82,78,13,40,66,44,26
110	28,93,89,73,13,62,53,34
111	81,100,93,67,27,6,19,15
112	95,34,96,26,1,73,79,6
113	17,57,15,49,41,3,6,50
114	50,36,31,57,97,6,74,88
115	38,33,75,12,71,93,84,83
116	94,79,66,82,16,58,80,99
117	16,100,93,86,28,55,8,50
118	62,99,58,17,80,20,13,32
119	63,41,60,59,36,72,70,34
120	39,69,99,100,63,96,64,5
121	74,3,35,82,14,46,59,46
122	13,39,81,90,87,31,82,51
123	71,61,95,49,53,63,17,61
124	94,27,23,33,79,23,1,67
125	7,31,12,38,11,94,63,1
126	70,92,95,85,71,16,50,75
127	29,61,40,48,4,100,54,44
128	13,44,23,42,87,31,75,15
129	50,84,93,53,92,26,70,10
130	100,55,37,14,48,7,81,20
131	36,76,14,73,97,7,43,44
132	30,4,42,77,36,17,19,60
133	32,36,42,40,30,23,24,28
134	82,57,18,80,31,11,8,68
135	41,42,5,8,45,14,89,24
136	44,30,94,67,64,5,95,10
137	11,82,64,53,9,89,5,45
138	45,1,24,17,5,6,68,95
139	72,74,54,24,96,34,59,3
140	42,100,12,3,99,31,6,18
141	16,17,36,45,96,36,18,54
142	27,82,73,94,65,81,61,98
143	39,37,86,46,68,20,67,25
144	75,64,47,90,87,20,97,77
145	22,18,17,49,12,13,68,99
146	43,44,53,43,46,38,68,74
147	27,32,32,6,95,10,15,35
148	3,89,50,93,65,12,19,18
149	16,2,57,5,77,85,73,20
150	95,13,43,29,29,43,53,6
151	73,34,100,96,37,83,77,45
152	11,38,97,11,90,64,52,62
153	49,58,56,86,56,46,58,8
154	64,76,23,96,68,39,15,61
155	42,82,100,37,33,29,30,67
156	58,75,66,22,95,31,88,22
157	73,10,72,98,15,43,94,63
158	79,35,16,65,36,85,5,81
159	7,74,96,30,82,61,100,77
160	81,25,21,100,20,72,35,13
161	79,10,5,36,17,92,47,25
162	88,58,95,44,59,78,94,65
163	36,13,26,95,44,93,37,27
164	41,94,46,95,50,94,60,98
165	91,61,96,36,56,97,9,19
166	56,67,70,78,79,83,1,86
167	48,9,86,9,66,67,85,86
168	46,83,42,86,4,35,40,46
169	65,28,25,72,39,37,15,69
170	4,8,33,44,47,35,61,43
171	92,15,55,38,2,99,3,2
172	48,80,61,94,85,5,30,28
173	22,11,24,7,99,84,27,20
174	36,41,19,78,30,73,41,9
175	22,63,10,21,46,90,70,69
176	79,4,93,13,11,65,12,35
177	41,44,60,5,40,47,42,83
178	57,76,5,62,1,51,52,31
179	1,38,30,6,83,8,35,73
180	70,58,76,77,100,96,45,94
181	88,27,15,81,54,11,57,28
182	46,57,61,79,40,62,74,4
183	22,70,54,6,5,70,18,56
184	52,27,12,88,45,16,48,30
185	27,15,5,47,98,80,53,55
186	53,74,59,48,40,36,34,76
187	94,43,92,69,3,50,83,41
188	16,27,12,32,34,29,50,78
189	45,52,35,42,31,11,34,3
190	58,71,20,92,50,17,24,23
191	24,54,30,78,23,9,87,98
192	68,9,15,42,85,91,95,89
193	80,88,18,76,7,96,32,71
194	21,97,61,38,64,68,34,80
195	45,40,90,54,57,53,94,86
196	33,3,19,69,55,10,86,67
197	18,82,91,11,12,63,96,77
198	39,65,13,77,57,58,62,81
199	85,39,33,59,97,96,17,67
200	40,1,92,5,32,66,59,82
201	56,16,77,82,24,48,99,5
202	35,43,95,47,25,59,14,34
203	100,55,38,22,71,53,70,35
204	35,58,43,77,72,6,56,70
205	69,22,64,95,87,16,94,40
206	46,17,58,60,21,22,45,52
207	9,29,5,99,36,79,1,16
208	70,79,48,40,65,26,52,13
209	88,17,77,12,79,86,25,59
210	86,83,3,36,53,34,23,20
211	49,42,75,85,66,65,26,32
212	82,66,22,98,74,21,93,8
213	86,42,69,91,3,1,51,15
214	44,99,27,86,21,56,84,89
215	82,10,85,90,58,56,25,79
216	56,34,96,83,94,87,55,81
217	33,39,16,19,69,36,75,94
218	60,72,53,32,20,55,99,12
219	45,16,50,65,88,26,50,31
220	34,49,9,11,62,24,55,79
221	98,75,63,16,43,11,69,92
222	33,8,57,21,92,68,90,89
223	49,22,21,22,44,51,52,10
224	89,18,42,38,20,44,10,36
225	36,9,99,22,16,68,25,68
226	71,16,61,72,87,62,70,37
227	51,13,65,65,86,88,15,91
228	64,36,38,20,54,99,12,80
229	88,78,43,22,96,91,3,5
230	67,30,90,44,17,93,89,38
231	73,36,85,75,52,73,92,3
232	19,58,48,49,11,77,24,42
233	15,53,99,34,79,97,42,39
234	91,75,31,80,34,71,86,50
235	19,78,93,86,69,88,96,36
236	7,10,33,60,93,100,56,20
237	96,47,76,12,75,30,19,36
238	44,55,58,71,50,15,82,18
239	56,52,94,81,53,41,96,53
240	40,62,36,4,8,3,39,91
241	23,29,25,41,81,58,85,49
242	62,69,44,99,55,24,12,39
243	91,26,91,37,73,88,54,20
244	28,93,8,40,44,2,69,33
245	66,62,4,14,85,89,61,59
246	26,95,62,21,40,22,96,18
247	73,75,12,24,48,34,3,80
248	98,10,95,71,9,40,29,13
249	70,11,40,1,73,31,84,50
250	54,12,98,3,52,73,14,92
251	1,90,75,21,14,62,96,32
252	11,41,17,82,43,79,72,42
253	71,96,23,59,31,89,94,80
254	77,21,43,63,88,2,5,73
255	33,99,17,69,20,84,29,31
256	50,76,59,90,74,8,93,22
257	23,25,80,46,44,24,10,96
258	96,64,70,84,94,10,27,81
259	93,94,93,88,49,65,5,29
260	80,94,96,95,60,36,32,84
261	100,48,92,20,40,7,16,94
262	51,3,59,73,18,47,14,41
263	22,100,63,76,15,55,26,22
264	69,70,42,54,82,48,79,84
265	5,17,70,98,58,100,59,66
266	65,76,14,61,34,19,74,63
267	85,91,22,40,1,62,92,81
268	16,47,46,1,70,13,15,59
269	22,98,17,37,4,96,94,52
270	22,15,99,27,12,36,43,26
271	71,71,20,45,66,83,65,10
272	82,81,73,3,28,21,95,55
273	20,58,46,100,45,35,85,8
274	28,1,69,51,72,3,30,59
275	74,70,45,44,76,37,85,67
276	6,95,97,37,43,73,90,38
277	47,19,69,48,22,80,40,81
278	51,26,18,86,71,4,64,94
279	33,70,82,41,92,67,7,7
280	27,64,12,46,60,12,1,78
281	62,51,83,86,70,72,65,70
282	48,43,37,10,85,74,46,30
283	3,1,85,63,34,98,42,68
284	30,35,39,89,70,96,42,19
285	56,22,93,79,64,84,30,19
286	86,17,39,43,90,80,26,7
287	47,46,59,68,86,99,71,86
288	83,74,70,47,95,39,2,40
289	32,25,87,20,31,7,8,26
290	13,37,72,14,30,76,21,96
291	99,53,86,31,78,53,37,41
292	58,51,79,51,29,20,46,89
293	20,54,93,94,8,99,1,99
294	93,33,23,72,12,18,28,77
295	40,41,55,57,42,85,40,37
296	30,40,58,92,79,77,8,85
297	60,2,90,32,89,31,83,39
298	83,87,84,46,31,88,54,57
299	27,4,54,9,60,58,34,36
300	65,61,90,40,12,18,4,93
301	91,35,40,23,72,59,70,34
302	30,49,71,78,90,82,37,28
303	49,61,4,88,45,77,1,21
304	73,27,71,25,94,63,98,47
305	47,89,96,9,30,2,79,42
306	30,49,52,93,77,96,17,1
307	39,30,18,9,58,56,26,69
308	21,16,26,34,24,30,42,95
309	65,30,8,39,90,41,91,64
310	57,72,9,68,75,19,54,32
311	10,17,94,1,53,45,84,41
312	19,87,51,100,12,46,54,39
313	94,28,21,5,16,26,85,66
314	43,67,79,79,97,93,98,22
315	25,49,73,46,82,71,20,26
316	76,28,63,11,93,54,19,46
317	35,83,4,57,83,70,30,69
318	89,38,72,96,12,99,70,97
319	53,33,11,83,95,51,14,4
320	16,99,16,52,36,3,79,53
321	23,27,14,76,95,87,34,76
322	6,12,51,10,77,72,49,78
323	19,43,48,33,54,71,13,35
324	69,96,5,63,2,91,77,24
325	72,54,66,91,81,47,32,68
326	98,40,99,24,100,84,93,58
327	65,77,60,86,22,18,51,88
328	49,48,49,54,83,63,76,97
329	73,56,9,55,81,8,58,85
330	72,100,38,46,16,18,72,67
331	95,65,17,94,3,84,83,48
332	96,3,27,85,42,91,31,79
333	33,90,10,20,50,93,64,81
334	46,53,51,60,45,40,87,56
335	72,12,59,89,63,59,90,31
336	31,33,78,12,22,98,23,24
337	72,44,35,31,3,86,1,96
338	7,52,20,19,59,23,19,49
339	80,20,28,78,14,54,60,32
340	27,69,2,66,85,65,17,46
341	55,66,25,45,82,20,30,53
342	14,65,49,87,14,40,95,80
343	9,94,10,45,98,91,83,77
344	57,58,40,50,45,100,55,99
345	52,2,82,67,31,65,96,30
346	56,58,62,19,77,75,18,82
347	93,51,35,54,2,32,79,75
348	96,37,2,34,71,71,62,67
349	5,68,92,95,79,27,100,93
350	22,54,60,54,8,9,57,54
351	38,76,24,81,28,60,44,74
352	97,85,17,31,70,68,10,38
353	42,52,16,8,91,52,37,17
354	93,59,39,66,22,87,79,42
355	55,64,26,53,52,89,15,30
356	56,77,16,2,41,1,10,80
357	50,80,66,58,50,77,38,18
358	71,28,35,52,33,3,36,5
359	29,55,63,58,97,41,91,52
360	7,87,10,58,81,65,90,25
361	61,61,23,66,79,61,72,37
362	1,32,56,100,61,53,61,99
363	41,67,3,82,28,87,13,77
364	75,22,91,64,83,80,22,59
365	48,54,62,69,11,100,98,85
366	46,53,99,72,3,21,16,97
367	90,93,66,98,80,79,9,38
368	4,46,68,18,28,12,32,52
369	87,16,56,15,36,65,15,46
370	14,93,84,89,79,25,5,6
371	1,44,51,21,48,90,12,85
372	6,64,21,42,87,67,92,100
373	74,15,58,64,75,9,68,94
374	61,87,71,20,97,23,26,1
375	76,2,99,40,60,94,90,75
376	2,64,35,83,42,5,54,68
377	54,5,22,56,45,53,93,74
378	85,95,31,91,15,87,89,91
379	60,45,10,70,42,52,47,98
380	49,61,83,65,52,83,34,31
381	76,60,28,48,9,39,64,32
382	12,30,61,20,43,73,47,78
383	39,33,8,77,4,75,42,57
384	58,90,66,31,27,57,75,38
385	3,75,70,12,21,71,87,84
386	49,51,30,45,3,62,95,66
387	91,49,7,90,69,45,44,28
388	3,98,56,17,42,1,57,53
389	87,62,84,19,24,12,20,66
390	91,58,96,7,72,45,36,16
391	89,56,22,12,55,57,59,87
392	79,98,85,13,13,68,100,89
393	99,76,37,24,5,14,68,31
394	63,74,33,67,31,46,97,48
395	40,8,72,50,90,13,27,88
396	57,21,59,80,52,37,81,1
397	60,1,63,60,78,20,85,11
398	52,82,42,70,25,69,89,24
399	58,19,40,61,90,25,75,59
400	46,67,44,73,61,90,22,4
401	72,91,21,8,99,16,24,2
402	15,27,8,12,94,38,58,9
403	77,95,30,47,8,66,38,66
404	87,17,30,29,85,71,27,66
405	32,79,31,14,56,8,12,90
406	21,92,50,29,95,22,95,3
407	88,13,78,98,99,87,28,57
408	88,84,94,4,29,38,39,14
409	48,43,100,66,93,16,83,38
410	69,18,63,80,52,40,52,60
411	83,45,78,31,38,97,29,79
412	83,60,72,72,34,86,92,96
413	89,31,27,36,34,91,1,100
414	57,56,17,72,43,82,37,23
415	99,54,39,35,62,61,24,9
416	74,58,5,28,97,63,71,17
417	26,65,100,89,95,97,90,22
418	56,34,72,32,13,68,94,95
419	93,25,1,96,8,36,42,87
420	79,96,42,40,45,95,53,50
421	88,87,25,51,84,34,54,55
422	22,12,59,54,41,83,34,54
423	9,1,53,92,15,75,34,3
424	16,5,54,2,40,29,97,37
425	46,22,11,100,68,8,73,83
426	86,45,93,44,41,60,30,94
427	70,14,37,92,17,74,61,69
428	86,89,67,27,91,13,36,10
429	56,39,90,34,2,47,76,97
430	100,62,20,87,47,99,75,57
431	26,68,10,74,32,27,28,92
432	97,60,60,99,66,84,49,76
433	27,93,44,90,52,17,22,39
434	67,73,92,42,67,41,98,47
435	78,93,69,99,31,11,1,55
436	93,23,63,24,89,69,85,63
437	74,79,48,75,52,97,13,71
438	26,20,20,56,53,41,46,31
439	50,25,37,34,42,14,37,48
440	64,51,75,51,94,33,13,37
441	78,31,72,100,81,98,33,43
442	83,20,5,66,27,22,86,60
443	24,59,89,1,87,48,70,33
444	67,41,79,100,26,58,84,60
445	61,58,50,37,79,1,68,35
446	12,49,55,28,1,7,1,79
447	74,10,49,43,46,55,27,21
448	25,84,4,1,28,10,79,34
449	76,51,29,15,89,79,18,51
450	14,65,88,67,51,4,94,1
451	53,27,90,77,92,71,72,44
452	58,95,27,60,52,88,1,18
453	5,19,61,88,47,29,11,55
454	98,35,43,100,2,14,52,80
455	91,85,4,19,6,85,53,40
456	65,32,6,52,93,27,18,47
457	29,4,70,78,16,15,80,76
458	85,17,31,85,17,10,27,10
459	1,27,89,15,77,94,90,70
460	8,9,65,82,79,47,30,72
461	34,53,71,2,33,61,89,81
462	77,73,90,72,76,10,18,18
463	10,77,54,10,31,73,9,3
464	6,90,76,46,9,79,22,55
465	43,2,77,78,66,7,57,61
466	36,51,69,47,88,98,11,61
467	87,10,9,12,2,38,64,7
468	43,43,91,68,39,93,1,2
469	16,62,14,35,97,23,60,98
470	64,35,43,13,84,4,35,16
471	90,16,30,13,1,33,97,67
472	45,40,46,58,28,23,16,27
473	21,39,48,74,11,8,63,38
474	31,71,94,13,28,63,66,46
475	15,95,24,73,8,7,94,8
476	92,96,47,3,17,81,80,11
477	98,48,5,65,19,52,40,71
478	21,64,87,10,63,23,41,18
479	44,1,37,32,50,29,28,74
480	32,97,76,31,97,60,15,36
481	51,76,27,41,74,52,48,94
482	65,39,22,26,96,19,27,35
483	22,58,77,63,45,73,43,73
484	48,93,11,44,8,60,54,1
485	1,94,83,32,15,12,68,56
486	70,14,5,62,99,8,76,34
487	74,19,70,80,13,56,18,61
488	70,47,87,3,47,23,37,58
489	27,21,28,96,94,50,84,41
490	76,15,76,51,49,23,53,31
491	92,67,17,43,17,59,30,50
492	99,70,81,24,95,87,15,56
493	69,36,61,6,68,94,86,85
494	68,27,100,32,55,22,64,61
495	50,56,13,46,43,12,55,28
496	76,44,97,15,55,2,69,83
497	75,79,13,20,99,68,82,64
498	44,14,73,10,67,97,33,77
499	51,58,56,36,63,5,10,87
500	12,98,37,37,98,18,47,72
501	41,72,49,43,34,21,78,12
502	45,50,38,92,10,88,5,30
503	97,41,85,47,93,41,18,54
504	45,21,62,24,15,56,63,49
505	42,75,90,3,39,71,49,10
506	66,62,98,4,9,35,52,100
507	49,73,49,85,82,27,69,53
508	44,93,51,40,66,30,46,3
509	81,99,54,21,9,86,79,77
510	39,21,57,76,90,73,12,94
511	91,22,53,78,49,83,84,32
512	18,65,10,61,41,49,100,16
513	91,61,50,81,85,95,99,61
514	27,69,79,56,2,68,68,7
515	50,82,4,99,37,40,44,46
516	58,81,31,16,26,96,28,6
517	12,23,73,19,55,61,78,10
518	87,8,97,71,80,20,97,47
519	68,45,37,51,63,24,62,83
520	49,67,72,38,55,39,36,40
521	36,42,14,99,100,59,59,33
522	93,88,15,61,76,52,80,86
523	44,31,7,99,29,39,98,3
524	17,44,33,94,81,96,36,54
525	57,62,60,77,31,9,81,81
526	15,98,12,88,50,67,24,92
527	31,41,99,54,57,13,65,57
528	67,32,28,84,53,80,87,15
529	79,52,93,15,16,71,19,13
530	67,1,23,21,19,89,22,39
531	45,24,13,14,68,17,18,66
532	79,31,37,51,41,25,84,9
533	76,27,69,4,79,53,46,74
534	20,37,35,72,75,72,61,60
535	59,33,53,40,68,80,50,85
536	31,50,41,7,79,20,69,75
537	3,53,58,19,85,76,89,14
538	42,55,20,31,38,44,68,66
539	88,27,56,31,11,51,45,50
540	24,94,90,40,86,81,69,78
541	2,21,15,24,87,94,31,7
542	80,47,68,36,77,96,50,54
543	29,8,48,59,32,5,63,31
544	45,18,97,96,2,97,38,72
545	43,82,50,21,91,86,93,42
546	71,2,51,35,93,42,17,13
547	64,74,45,23,17,90,42,99
548	95,34,33,39,17,27,61,79
549	45,42,6,40,58,98,38,66
550	55,55,59,25,36,81,81,64
551	77,10,15,72,63,62,59,13
552	61,47,44,68,27,100,50,7
553	41,55,20,54,21,69,41,50
554	24,69,25,36,75,64,91,77
555	81,68,14,89,81,16,24,50
556	53,79,54,82,44,3,61,75
557	79,77,88,74,37,55,67,78
558	76,35,60,38,35,39,17,61
559	86,26,39,57,61,59,55,34
560	16,55,5,1,13,93,36,44
561	43,42,39,28,55,82,30,71
562	86,90,85,67,16,55,15,87
563	9,44,37,2,61,87,89,59
564	15,36,83,28,68,62,11,52
565	67,61,45,5,47,91,72,52
566	23,42,40,86,70,60,91,41
567	67,62,95,14,97,82,20,44
568	71,12,6,20,69,30,99,11
569	94,21,94,5,10,65,72,83
570	18,85,77,70,96,85,15,63
571	24,37,43,9,17,88,70,4
572	26,33,36,84,60,62,22,85
573	42,61,70,27,2,4,88,29
574	33,47,99,63,44,80,40,63
575	91,19,10,65,18,39,51,27
576	66,9,49,28,77,40,38,32
577	9,12,84,79,7,90,63,65
578	20,81,74,35,77,44,97,79
579	62,46,60,34,55,30,36,62
580	11,90,92,89,48,96,94,31
581	55,65,67,70,46,20,66,86
582	18,79,77,53,58,60,23,87
583	14,75,17,16,8,28,56,31
584	35,87,30,79,82,59,15,82
585	76,50,27,58,12,27,7,92
586	97,39,71,11,16,17,86,48
587	8,25,19,97,32,75,88,97
588	17,63,63,39,11,80,44,61
589	43,19,79,7,25,73,63,31
590	35,88,71,72,65,39,97,2
591	78,18,53,2,24,58,65,89
592	59,21,72,12,23,66,90,38
593	22,3,86,26,28,9,7,23
594	100,81,39,77,2,12,36,66
595	19,96,64,4,69,96,43,20
596	48,10,27,83,55,92,10,94
597	16,64,79,22,97,63,28,25
598	29,82,6,29,97,82,31,54
599	99,13,100,34,55,31,47,12
600	84,77,85,76,4,34,80,41
601	11,72,47,85,29,26,95,57
602	44,84,69,3,68,15,11,24
603	33,31,95,88,59,68,91,89
604	58,62,80,48,58,28,73,37
605	66,41,32,7,75,90,33,40
606	51,48,87,70,84,51,69,56
607	36,13,91,6,88,28,68,42
608	44,76,33,86,35,68,95,44
609	90,73,64,4,15,9,13,91
610	92,90,31,9,67,8,55,94
611	29,75,22,21,13,6,79,52
612	42,74,71,87,40,86,34,15
613	80,3,62,50,54,45,93,18
614	31,72,12,56,21,10,97,89
615	39,47,78,80,25,5,16,82
616	95,96,79,17,80,95,23,6
617	72,55,38,77,91,35,85,53
618	28,41,100,36,83,51,88,13
619	59,25,12,18,50,40,9,52
620	59,41,25,80,56,93,100,8
621	21,94,15,67,58,63,92,49
622	13,32,42,68,3,45,78,93
623	37,80,95,23,70,4,61,64
624	99,64,80,96,63,15,63,50
625	34,18,27,80,30,43,67,15
626	89,84,57,77,66,37,39,43
627	8,78,55,87,12,30,86,35
628	84,93,11,4,48,31,59,90
629	80,31,74,31,15,73,7,97
630	70,33,64,5,6,1,50,56
631	18,92,98,40,83,83,6,76
632	45,28,95,16,46,47,98,86
633	39,54,15,83,17,22,55,34
634	89,68,11,3,35,74,1,7
635	73,87,97,84,67,96,98,21
636	30,58,29,32,36,61,85,93
637	1,5,86,58,7,29,12,37
638	40,57,46,56,49,77,20,85
639	82,84,67,13,20,70,49,98
640	32,91,89,7,58,23,84,78
641	52,30,90,58,54,75,64,100
642	13,60,54,61,44,67,10,32
643	94,13,1,80,49,32,21,92
644	41,79,44,59,46,54,76,64
645	92,46,52,45,22,13,66,46
646	44,23,13,10,1,47,32,36
647	24,46,91,76,99,76,42,9
648	52,4,14,93,13,9,36,18
649	3,4,13,45,14,71,36,68
650	16,89,24,93,87,12,32,83
651	90,35,90,54,28,71,10,10
652	14,66,45,64,25,16,11,38
653	65,66,63,14,14,31,64,9
654	5,50,54,46,59,27,74,83
655	86,58,70,84,13,16,52,64
656	37,27,1,95,44,76,34,49
657	68,35,72,27,57,24,48,77
658	6,24,32,93,51,85,62,67
659	85,21,40,36,1,3,49,3
660	98,91,94,10,83,77,19,7
661	64,11,23,80,91,61,68,76
662	51,59,94,10,8,61,40,96
663	12,57,77,39,90,5,21,2
664	98,63,83,26,5,16,88,70
665	8,71,80,7,80,76,63,32
666	5,4,72,29,53,82,24,92
667	54,36,43,54,29,24,15,78
668	26,11,66,22,89,72,7,80
669	97,46,100,70,99,44,100,18
670	99,38,80,94,67,24,4,11
671	59,63,33,76,100,21,4,88
672	24,5,33,72,82,8,16,46
673	47,77,71,95,75,31,12,94
674	22,49,94,56,14,100,49,85
675	38,4,28,27,95,55,16,77
676	81,54,9,90,32,22,20,54
677	12,47,53,55,10,56,100,53
678	63,96,38,75,38,31,56,71
679	25,16,97,32,29,92,58,84
680	74,79,69,72,77,10,88,12
681	65,46,85,35,18,32,82,70
682	40,50,46,76,50,29,35,94
683	67,73,79,30,37,16,26,96
684	91,79,21,10,67,69,40,61
685	40,4,8,6,90,36,59,5
686	26,93,51,1,8,59,18,76
687	96,6,63,56,45,18,11,14
688	69,68,12,68,32,58,60,15
689	100,94,41,33,67,55,24,22
690	30,84,57,1,77,36,46,9
691	13,74,7,76,20,10,73,69
692	2,62,98,45,83,62,87,89
693	54,43,92,81,14,28,45,70
694	22,17,94,71,78,26,65,16
695	34,71,13,81,33,8,50,30
696	98,79,94,49,20,32,27,57
697	93,49,49,22,23,82,82,75
698	11,52,1,81,34,48,76,13
699	69,21,50,18,87,73,90,68
700	48,98,59,66,96,40,49,91
701	87,75,6,56,69,13,77,15
702	8,11,27,43,8,61,77,50
703	10,91,100,85,28,19,6,70
704	96,90,91,10,25,85,83,22
705	14,42,82,10,3,3,48,39
706	88,37,38,44,41,2,23,61
707	66,84,72,45,86,11,89,48
708	46,36,7,61,69,8,20,3
709	17,80,54,91,62,93,56,13
710	68,80,45,57,40,84,92,23
711	40,14,80,21,16,9,16,67
712	68,66,81,10,47,85,6,83
713	100,34,23,96,59,15,59,37
714	62,43,16,72,17,21,80,32
715	96,66,18,56,94,4,86,17
716	37,61,85,65,94,17,96,4
717	66,21,53,53,34,22,1,88
718	61,68,66,69,55,21,61,51
719	49,9,98,10,91,10,7,87
720	11,31,94,18,18,21,26,34
721	53,59,64,17,83,50,39,80
722	61,11,72,54,16,87,53,64
723	97,98,4,54,56,37,48,6
724	54,73,1,9,98,34,85,3
725	64,47,31,42,92,41,47,93
726	95,11,83,69,16,77,95,66
727	39,74,27,76,83,99,53,63
728	82,20,87,99,48,90,63,19
729	74,80,68,2,27,48,60,43
730	11,28,65,88,92,13,79,61
731	36,5,56,22,87,21,20,24
732	14,16,85,51,5,68,7,48
733	6,69,24,56,65,42,68,53
734	16,100,90,53,19,28,50,49
735	18,83,83,34,42,100,95,41
736	89,17,75,51,42,27,22,69
737	16,26,61,18,16,23,11,24
738	92,56,78,81,10,49,9,44
739	70,93,48,51,14,65,85,35
740	13,97,25,5,60,17,77,55
741	56,16,29,58,48,94,33,44
742	87,67,69,93,78,20,55,47
743	6,37,58,44,79,97,9,82
744	18,88,46,95,42,68,81,76
745	59,14,52,31,90,89,23,54
746	31,81,96,40,75,78,66,68
747	56,61,25,84,17,97,74,80
748	34,86,42,45,92,31,14,100
749	75,3,30,36,71,78,85,73
750	7,32,93,16,24,53,75,89
751	36,83,28,11,61,76,98,9
752	53,33,52,5,59,44,47,91
753	1,28,41,100,6,64,15,44
754	91,9,58,73,39,39,71,61
755	78,7,28,43,35,7,31,33
756	99,3,80,92,36,2,98,96
757	26,49,64,9,99,56,62,86
758	84,17,15,52,72,16,79,1
759	50,51,32,46,16,25,14,36
760	41,99,54,3,78,84,29,64
761	50,59,27,12,78,22,33,78
762	45,45,93,27,83,42,43,97
763	26,79,62,36,81,57,12,31
764	84,29,4,75,24,50,95,47
765	70,13,96,17,95,73,66,86
766	68,12,72,28,30,34,95,98
767	80,2,7,52,82,45,20,41
768	63,60,76,85,59,84,61,27
769	97,13,30,27,63,98,62,49
770	36,96,76,68,63,26,78,13
771	40,85,82,56,61,37,20,72
772	87,39,6,74,75,65,70,14
773	53,1,81,9,32,84,94,12
774	68,68,34,70,62,76,38,53
775	67,56,28,58,89,77,39,83
776	45,26,62,84,69,4,78,53
777	61,27,90,2,59,89,33,44
778	87,5,64,45,20,27,39,1
779	55,90,79,61,58,52,53,53
780	54,81,28,26,50,43,100,78
781	56,81,17,27,79,91,23,81
782	83,45,61,28,3,62,88,34
783	50,95,58,1,25,59,68,78
784	69,6,45,32,36,40,60,93
785	91,20,66,16,58,59,26,41
786	20,1,62,94,5,37,9,10
787	97,43,83,98,90,83,4,34
788	72,13,54,58,71,50,76,72
789	88,7,17,78,81,76,74,49
790	60,2,9,34,29,94,72,15
791	43,94,29,18,37,61,47,71
792	25,45,12,34,86,72,55,8
793	35,21,20,98,37,44,93,64
794	93,5,83,29,57,98,55,12
795	84,44,81,13,27,71,77,43
796	59,24,77,89,21,100,12,68
797	79,93,45,51,87,70,22,57
798	88,26,88,26,27,33,14,40
799	68,89,90,90,73,91,62,97
800	49,71,85,48,68,22,68,56
801	93,87,12,55,96,8,41,31
802	57,23,24,97,84,41,92,22
803	23,85,40,53,71,28,10,66
804	67,35,50,15,63,48,51,45
805	74,27,72,62,99,21,33,49
806	23,87,55,63,40,90,95,82
807	86,25,18,90,96,12,52,27
808	30,53,25,10,82,48,66,98
809	80,22,77,66,95,75,64,5
810	79,50,65,72,51,49,67,55
811	17,39,10,83,40,22,23,76
812	90,91,32,36,38,44,1,46
813	54,23,37,99,53,39,22,34
814	6,90,7,80,79,42,77,30
815	91,83,20,98,54,77,78,33
816	51,34,46,60,8,60,20,32
817	25,51,54,7,39,91,74,93
818	95,8,62,31,74,91,79,34
819	45,94,55,5,19,73,89,99
820	96,50,96,22,5,17,72,61
821	79,67,19,8,99,83,60,4
822	64,85,27,84,37,28,15,57
823	38,11,70,65,67,21,45,65
824	70,83,56,68,85,30,46,99
825	8,59,17,66,86,5,39,13
826	50,65,34,83,29,64,73,30
827	75,43,68,11,31,79,64,65
828	71,75,49,79,32,22,87,76
829	94,62,68,82,71,65,42,36
830	43,23,31,90,91,26,35,74
831	16,73,94,23,38,29,18,71
832	58,15,50,18,3,83,92,88
833	74,72,86,59,21,11,34,89
834	58,92,64,43,48,30,16,56
835	10,83,80,91,17,24,1,78
836	97,29,63,60,86,25,23,14
837	33,13,75,41,9,35,4,68
838	59,43,81,81,49,76,15,32
839	1,29,24,3,99,12,48,19
840	65,80,46,81,34,75,53,74
841	57,93,64,56,21,13,36,48
842	45,47,32,17,43,20,100,97
843	48,31,6,1,80,24,28,45
844	88,100,13,41,35,77,75,31
845	20,37,83,69,65,96,81,91
846	49,63,86,82,43,81,97,13
847	51,13,63,38,44,88,68,75
848	78,23,18,79,28,26,21,82
849	33,5,46,92,78,5,32,95
850	62,54,84,47,84,9,47,98
851	9,83,15,16,71,34,40,95
852	30,72,91,9,63,83,52,4
853	26,67,51,32,72,92,99,58
854	87,16,1,23,79,60,30,7
855	36,46,72,47,95,7,27,44
856	54,50,64,52,56,68,64,25
857	36,88,15,1,77,95,83,61
858	61,89,51,71,24,34,67,75
859	14,11,6,3,42,7,52,79
860	9,42,71,1,3,23,99,75
861	4,58,95,39,65,9,61,7
862	15,44,11,28,87,34,4,49
863	5,46,52,85,66,25,96,57
864	71,46,37,34,43,68,30,13
865	27,24,8,81,74,4,59,66
866	20,76,58,76,84,72,14,29
867	61,16,3,32,54,12,76,55
868	6,3,2,39,94,14,37,18
869	7,29,91,24,88,15,39,74
870	17,100,42,65,75,11,75,30
871	84,88,36,92,15,22,76,48
872	70,46,1,78,29,66,86,35
873	19,44,8,18,47,80,44,77
874	35,57,96,50,16,33,70,82
875	22,92,34,25,56,37,85,83
876	52,33,43,98,95,71,8,15
877	96,26,48,31,75,15,43,62
878	30,36,88,96,80,18,44,45
879	20,15,46,90,100,23,91,57
880	38,20,90,98,2,18,99,81
881	73,71,49,21,2,75,64,39
882	40,51,55,2,63,29,69,43
883	42,47,32,11,62,68,11,28
884	53,25,48,20,90,81,62,87
885	61,94,85,57,50,88,45,71
886	35,23,40,50,98,99,19,12
887	3,7,44,94,42,45,89,68
888	80,49,76,36,94,32,73,87
889	4,4,14,55,9,50,59,2
890	29,86,50,59,17,34,29,88
891	26,94,9,88,33,87,82,71
892	34,61,75,90,20,14,64,42
893	61,19,66,46,73,37,80,99
894	91,31,20,93,1,34,77,53
895	70,47,24,76,66,83,1,68
896	57,9,37,22,30,99,25,52
897	70,14,89,97,74,63,29,83
898	31,14,76,35,78,45,3,18
899	85,36,95,36,36,57,62,84
900	93,68,53,21,59,53,53,63
901	76,54,5,13,72,28,37,83
902	89,69,38,30,74,40,100,47
903	50,41,18,15,64,48,18,8
904	95,89,61,19,34,12,96,15
905	23,20,23,10,70,11,66,40
906	51,81,86,4,84,100,50,38
907	12,17,48,93,45,98,50,62
908	76,80,86,65,9,98,86,48
909	38,74,31,74,87,70,31,52
910	40,18,96,13,40,7,2,74
911	22,32,61,9,58,49,86,98
912	89,42,5,87,92,51,31,89
913	60,23,40,89,64,19,63,95
914	18,52,94,41,60,51,23,51
915	51,32,98,27,33,54,4,38
916	42,78,77,81,1,47,35,52
917	23,4,73,87,92,25,90,73
918	3,50,25,56,48,58,18,82
919	11,49,62,42,88,75,19,57
920	93,76,20,55,83,11,15,85
921	82,34,53,46,97,46,17,99
922	7,84,2,90,17,82,83,15
923	22,65,79,57,94,70,92,34
924	11,45,52,15,52,50,81,38
925	66,4,3,67,58,56,53,28
926	60,19,95,5,87,25,36,26
927	82,44,35,10,97,18,60,86
928	42,70,76,46,72,29,63,89
929	95,95,9,12,75,8,83,25
930	49,25,34,8,32,25,49,28
931	32,95,15,79,24,15,42,76
932	88,90,19,21,1,73,85,93
933	53,31,4,94,93,90,18,41
934	96,85,8,24,11,37,63,62
935	78,95,25,79,74,74,46,21
936	86,22,2,77,15,45,19,85
937	63,87,18,49,65,98,95,28
938	99,96,90,48,60,29,14,6
939	32,59,10,22,21,98,56,99
940	89,68,73,23,85,20,7,19
941	85,32,36,44,81,96,43,38
942	51,48,73,88,40,7,6,87
943	31,75,4,4,99,77,67,79
944	97,43,55,1,66,72,42,82
945	18,88,11,68,96,55,34,40
946	69,87,39,49,18,33,36,36
947	29,38,51,60,40,43,56,32
948	14,60,85,74,5,47,24,18
949	24,31,62,55,92,54,30,88
950	36,47,23,57,20,95,83,13
951	68,79,50,78,60,45,3,18
952	89,60,69,66,40,88,46,86
953	91,53,35,80,54,65,12,52
954	31,35,92,57,57,100,26,55
955	52,50,55,25,64,42,49,66
956	60,27,34,99,48,23,74,54
957	58,30,26,9,73,68,9,20
958	10,79,81,2,55,87,89,91
959	88,11,70,38,58,47,25,6
960	65,8,67,8,98,35,32,88
961	89,42,63,76,94,43,8,79
962	89,85,99,84,90,26,25,71
963	99,98,61,46,25,60,27,5
964	60,65,14,8,21,21,46,4
965	33,13,56,70,92,21,22,27
966	93,77,19,62,92,36,60,95
967	20,85,37,50,78,16,71,71
968	34,77,19,25,58,30,21,78
969	100,47,17,75,92,34,96,74
970	15,88,44,87,81,36,42,90
971	75,70,98,32,98,58,23,14
972	20,19,88,35,39,71,30,50
973	47,25,11,3,4,46,46,64
974	62,12,34,9,15,84,52,24
975	15,18,25,6,71,10,70,38
976	2,43,39,98,25,52,66,68
977	98,11,17,80,45,11,69,47
978	6,57,11,17,26,39,66,3
979	69,34,2,4,48,46,44,93
980	80,52,20,72,21,8,49,7
981	85,40,78,41,100,97,82,80
982	9,37,83,92,84,31,1,45
983	92,92,19,52,44,79,29,87
984	47,21,78,51,20,82,16,83
985	26,24,76,62,12,53,7,56
986	34,15,49,54,100,14,37,14
987	60,48,59,46,81,73,54,63
988	15,89,6,95,80,4,3,93
989	5,57,80,21,27,27,72,20
990	36,54,17,24,83,50,70,27
991	47,28,49,95,55,24,29,21
992	76,6,76,76,80,45,24,74
993	44,53,8,6,17,34,79,95
994	10,60,43,95,20,73,1,88
995	84,11,87,93,73,79,9,33
996	38,43,77,44,23,21,70,4
997	23,90,84,76,25,19,39,94
998	36,20,82,70,27,21,29,30
999	36,30,33,100,36,69,92,13
1000	33,62,49,64,38,96,32,12
